1409.4842
1502.05477
1504.08083
1506.02640
1509.01626
1512.01274
1512.03385
1603.02754
1603.04467
1605.08695
1701.06538
1706.03741
1706.03762
1707.06347
1712.05889
1802.04799
1802.05365
1806.03377
1807.05358
1810.00826
1810.04805
1811.06965
1902.00751
1904.10509
1905.11946
1907.11692
1909.08053
1910.02054
1910.13461
1911.00172
1912.01703
2001.08361
2005.14165
2009.01325
2010.11929
2102.12092
2104.04473
2106.09685
2107.03374
2201.11903
2201.12023
2202.12837
2203.02155
2203.15556
2204.06745
2205.01068
2205.11916
2205.14135
2208.07339
2210.11416
2211.05100
2211.05102
2211.09110
2212.09748
2302.04761
2303.06865
2304.02643
2304.03277
2304.11277
2305.09781
2305.10403
2305.11206
2305.13245
2305.18290
2305.20050
2306.00978
2306.05685
2306.11644
2306.13649
2306.13891
2306.17806
2307.02486
2307.03109
2307.04964
2307.08691
2307.09009
2307.09288
2308.03958
2308.04623
2309.00071
2309.02591
2309.03409
2309.05463
2309.06180
2309.07062
2309.07973
2309.08586
2309.09958
2309.11998
2309.17453
2310.10638
2310.11408
2310.16789
2310.18313
2310.18547
2311.02103
2311.03285
2311.05908
2311.10702
2311.12022
2312.00752
2312.06585
2312.11514
2312.11805
2401.02954
2401.04088
2401.06066
2401.08565
2401.09670
2401.10774
2401.12954
2401.14196
2401.15077
2401.16380
2401.17377
2402.00159
2402.00838
2402.02057
2402.03300
2402.05672
2402.07841
2402.08939
2402.10200
2402.13753
2402.14905
2402.15220
2402.16819
2402.17764
2403.02310
2403.04132
2403.09919
2403.10131
2403.13787
2403.19887
2404.03592
2404.05961
2404.06654
2404.07839
2404.14219
2404.19737
2405.07863
2405.17247
2405.21060
2406.01574
2406.04692
2406.06608
2406.08446
2406.11794
2406.11931
2406.12793
2406.14491
2406.17557
2406.20094
2407.00079
2407.04620
2407.04622
2407.08608
2407.10671
2407.12854
2407.14679
2407.14985
2407.21783
2407.21787
2408.00118
2408.02085
2408.03314
2408.06195
2408.07060
2408.10914
2408.11796
2408.11857
2408.12570
2408.12637
2408.12757
2408.15237
2408.15518
2408.15664
2409.02060
2409.02795
2409.02813
2409.03752
2409.04109
2409.08239
2409.11402
2409.12181
2409.12186
2409.12191
2409.12917
2409.17146
2409.18869
2409.20566
2410.01748
2410.02650
2410.04343
2410.05258
2410.10989
2410.12937
2410.16215
2410.20011
2410.20399
2410.21169
2410.21438
2411.01783
2411.02355
2411.04905
2411.04996
2411.05403
2411.10440
2411.10958
2411.12372
2411.15124
2411.19379
2412.04468
2412.04862
2412.05496
2412.06769
2412.08905
2412.10360
2412.14922
2412.15115
2412.18619
2412.20993
2501.00656
2501.00958
2501.01005
2501.05453
2501.06252
2501.07301
2501.08313
2501.08365
2501.09891
2501.12599
2501.12948
2501.14249
2501.15383
2501.15654
2501.17161
2501.18512
2501.19393
2502.02737
2502.03387
2502.03544
2502.06049
2502.06703
2502.06807
2502.07617
2502.07864
2502.08910
2502.10517
2502.11089
2502.13923
2502.14786
2502.18443
2503.01743
2503.05804
2503.07891
2503.09516
2503.10622
2503.13657
2503.14476
2503.15475
2503.17407
2503.19786
2503.20215
2503.21460
2504.00927
2504.01848
2504.02263
2504.02495
2504.05299
2504.07096
2504.07128
2504.07491
2504.10479
2504.11393
2504.12459
2504.12501
2504.13161
2504.13171
2504.13837
2504.13941
2504.15271
2504.15466
2504.20571
2504.20879
2504.21318
2505.00949
2505.04588
2505.07203
2505.09343
2505.09388
2505.10475
2505.11594
2505.12082
2505.13840
2505.15809
2505.22618
2505.23971
2505.24760
2506.04761
2506.05176
2506.05209
2506.08007
2506.08009
2506.10910
2506.13585
2506.20249
2506.22419
2507.01006
2507.01957
2507.02754
2507.05578
2507.06261
2507.07024
2507.07966
2507.11407
2507.12415
2507.13264
2507.13334
2507.14111
2507.14843
2507.15974
2507.18071
2507.19849
2507.21046
2507.22062
2507.22448
2508.01191
2508.02324
2508.05629
2508.06471
2508.07917
2508.10104
2508.10875
2508.14444
2508.15763
2508.16153
2508.18255
2508.18265
2508.19205
2508.19242
2508.21038
2509.00244
2509.00375
2509.02046
2509.02547
2509.04664
2509.07506
2509.08721
2509.08827
2509.13310
2509.13311
2509.14033
2509.14233
2509.14476
2509.14786
2509.16198
2509.17567
2509.17765
2509.20186
2509.20328
2509.20354
2509.23102
2509.23661
2509.24006
2509.25149
2509.25454
2509.25760
2509.26030
2509.26328
2510.00231
2510.00446
2510.00938
2510.06499
2510.07315
2510.08558
2510.10620
2510.11690
2510.11696
2510.12345
2510.12801
2510.13786
2510.14528
2510.18121
2510.18245
2510.19338
2510.21978
2510.24701
2510.25741
2510.26692
2510.26697
