2502.02737
2501.19393
2502.03387
2502.03544
2502.06703
2502.08910
2502.06807
2502.07864
2502.06049
2502.07617
2502.13923
2502.11089
2502.14786
2503.01743
2503.10622
2503.07891
2503.09516
2503.13657
2503.15475
2503.20215
2503.21460
2503.19786
2503.17407
2504.00927
2504.02495
2504.01848
2504.15271
2504.15466
2504.13941
2504.20879
2504.20571
2504.21318
2505.04588
2505.00949
2505.10475
2505.09343
2401.12954
2505.09388
2505.15809
2505.11594
2505.13840
2505.12082
2505.22618
2506.05176
2506.05209
2505.24760
2506.08007
2506.10910
2506.13585
2504.05299
2504.07491
2504.07128
2504.07096
2504.10479
2504.13161
2504.13171
2507.01006
2507.02754
2507.01957
2506.22419
2507.07966
2507.07024
2506.08009
2507.05578
2507.13334
2507.11407
2507.06261
2507.12415
2507.13264
2507.18071
2507.14843
2507.15974
2507.19849
2507.22448
2507.21046
2507.22062
2507.14111
2508.02324
2508.01191
2508.05629
2508.06471
2508.07917
2508.10875
2508.10104
2508.15763
2508.14444
2508.18265
2508.16153
2508.19205
2508.18255
2508.19242
2509.00375
2509.02547
2508.21038
2509.02046
2509.00244
2509.08721
2509.04664
2509.08827
2509.13310
2406.08446
2204.06745
2306.13891
2509.14476
2509.13311
2509.14033
2509.14233
2509.17765
2509.17567
2509.20328
2509.16198
2509.20186
2509.25454
2509.24006
2509.23102
2506.20249
2503.05804
2504.12459
2504.11393
2505.23971
2407.14985
2409.02060
2501.00656
2410.12937
2409.17146
2502.18443

