2309.02591
2401.15077
2401.08565
2402.14905
2402.13753
2402.10200
2402.00838
2402.00159
2402.16819
2401.17377
2402.08939
2402.15220
2402.05672
2403.10131
2403.13787
2403.09919
2405.07863
2405.17247
2406.01574
2405.21060
2406.04692
2406.06608
2406.14491
2406.11931
2406.11794
2406.12793
2406.17557
2404.19737
2403.19887
2404.03592
2404.05961
2404.07839
2404.06654
2404.14219
2406.20094
2407.04622
2407.10671
2407.12854
2407.21783
2408.00118
2408.03314
2408.02085
2408.07060
2408.06195
2408.11796
2408.11857
2408.10914
2408.12570
2408.15237
2408.15518
2408.12757
2408.15664
2408.12637
2409.03752
2409.02060
2409.02813
2409.02795
2409.04109
2409.08239
2409.12186
2409.12917
2409.11402
2409.12191
2409.12181
2409.17146
2409.18869
2409.20566
2410.01748
2410.05258
2410.04343
2410.16215
2410.20011
2410.21169
2411.04905
2411.02355
2411.04996
2411.10440
2411.12372
2411.10958
2411.15124
2412.04468
2412.08905
2412.06769
2412.04862
2412.15115
2412.10360
2412.14922
2501.00958
2412.18619
2412.20993
2501.05453
2501.07301
2501.08313
2501.08365
2501.06252
2501.12948
2501.12599
2501.09891
2501.17161
2501.14249
2501.15383
2501.18512
2501.15654
